1,2
2,3,3,3,3
3,4
4,5
5,6
6,7,7,8
7,9
8,9
9,10
10,11
11,12
12,13
13,14
14,15
15,16
16,17
17,18
18,19
19,20
20,21
21,22
22,23
23,33,34,24
24,25,26
25,33
26,27
27,28
28,29,30,31
29,33
30,33
31,32
32,33
33,75
34,35
35,36,37,38,39
36,45
37,45
38,45
39,40
40,41
41,42
42,43,45
43,44
44,33
45,46,47
46,.
47,48
48,49,50
49,51
50,51
51,52
52,53,54,??
53,58
54,55
55,56
56,59,57
57,58
58,??
59,60
60,61
61,62
62,63
63,64
64,65,72
65,66
66,67
67,68,68,68,68,72
68,69
69,70
70,71
71,58
72,73,74
73,.
74,??
75,76
76,77
77,78
78,79
79,80,82,??
80,81
81,??
82,??
83,84
84,85
85,86,??
86,87
87,88
88,89,93,95
89,90,91
90,95
91,92
92,46,47
93,94
94,95
95,96
